18.5589835 73.77820229999999 33 female
18.564084 73.802703 42 male
18.5204303 73.8567437 19 male
18.567751 73.8757204 22 female
18.51576 73.85688979999999 18 female
18.5118059 73.84369459999999 21 female
18.4690213 73.8640944 21 male
18.4995356 73.8147042 25 male
18.5323976 73.94406459999999 19 female
18.5116565 73.8699182 26 female
19.2005554 73.8594773 20 male
18.5709235 73.83508309999999 18 female
18.5204303 73.8567437 29 male
19.0948287 74.74797889999999 25 female
18.553295 73.9109977 26 female
18.554556 73.937714 48 male
18.4452577 73.8610191 18 female
18.564183 73.883881 20 male
18.4877372 73.8704877 27 male
18.5463286 73.9033139 19 female
35.7079052 140.5643284 33 female
18.5907515 73.9109977 44 male
18.5335485 73.9311902 44 male
18.4464732 73.826375 46 female
19.1132337 73.7326775 30 female
18.5323976 73.94406459999999 21 female
18.5323976 73.94406459999999 22 female
18.6079035 73.9466363 24 female
18.4502069 73.8760946 28 female
18.5158057 73.9271644 19 female
18.5329125 73.8547709 35 female
18.5330323 73.933003 72 female
18.5204303 73.8567437 51 female
18.44788 73.857126 50 male
18.5204303 73.8567437 19 male
18.5529226 73.879711 36 female
19.0948287 74.74797889999999 21 female
18.5144313 73.86538329999999 60 female
18.4616438 73.8725043 20 male
18.4690213 73.8640944 55 male
18.5679146 73.91434319999999 55 female
18.528435 73.8323492 40 female
18.5323976 73.94406459999999 18 male
18.5065487 73.82730819999999 80 female
35.7079052 140.5643284 35 male
18.5158792 73.85803969999999 19 female
18.512137 73.8521866 20 female
18.5512771 73.92098940000001 19 male
18.5235518 73.906346 20 female
18.500918 73.8470523 55 male
18.5000766 73.9623843 70 male
19.0948287 74.74797889999999 29 female
18.529846 73.914672 65 female
18.443059 73.815867 20 male
18.4469333 73.8101934 26 male
18.5163849 73.8646399 19 female
18.5679146 73.91434319999999 21 female
19.0967928 72.8516953 26 female
18.4471444 73.8101999 29 female
18.5939432 73.9421462 19 female
18.5204303 73.8567437 40 female
18.5019469 73.86629169999999 31 female
18.5018322 73.8635912 24 female
18.5944704 73.9275889 48 female
18.5409682 73.781649 21 female
18.4949019 73.8441118 19 male
18.4669127 73.886173 50 male
18.5116565 73.8699182 19 female
18.4532344 73.8693452 19 female
26.9492999 75.8005051 39 female
18.4654546 73.85468209999999 19 male
18.5548965 73.8962994 20 male
18.507584 73.861999 40 female
20.598224 74.2032581 40 female
18.4529322 73.86523799999999 20 male
18.5512771 73.92098940000001 40 female
18.5635511 73.9325552 76 male
20.598224 74.2032581 23 female
18.5204303 73.8567437 54 female
18.5573422 73.8971708 50 male
18.5512771 73.92098940000001 19 female
18.5944704 73.9275889 24 male
18.5601649 73.8031335 70 male
18.4726725 73.9784573 21 female
18.5562145 73.9310105 28 female
18.5512771 73.92098940000001 50 male
18.5330323 73.933003 18 male
18.597398 73.91547849999999 19 female
18.4726725 73.9784573 18 female
18.4474077 73.8483676 19 female
18.5204303 73.8567437 20 female
18.5625986 73.8523582 9 female
21.1557221 79.09416039999999 31 female
18.6035421 73.9337777 38 male
18.4452577 73.8610191 22 male
18.5625986 73.8523582 20 female
18.5176333 73.8671232 36 female
18.4680656 73.9430283 35 female
18.5292326 73.82499729999999 36 male
18.5292326 73.82499729999999 40 male
18.5073514 73.8076543 23 female
18.508026 73.835099 22 female
35.7079052 140.5643284 58 male
18.508934 73.92591019999999 19 female
18.4726725 73.9784573 19 male
29.9093759 73.87998050000002 35 female
18.4474077 73.8483676 83 female
18.4726725 73.9784573 25 male
18.5636187 73.8949358 29 female
18.5291524 73.82708550000001 21 male
18.5591057 73.88674499999999 23 male
18.5907515 73.9109977 28 female
18.4529322 73.86523799999999 43 female
18.5235518 73.906346 22 male
18.5204303 73.8567437 27 male
18.5944704 73.9275889 60 female
18.462346 73.85293399999999 38 male
18.5625986 73.8523582 19 male
18.4529322 73.86523799999999 35 female
18.4308601 73.8610191 75 female
18.4483159 73.86671799999999 75 female
31.1471305 75.34121789999999 19 male
18.553295 73.9109977 55 male
27.6791987 83.5070203 45 female
18.5204303 73.8567437 22 female
18.5509643 73.9168593 33 male
18.4949019 73.8441118 24 female
18.5158057 73.9271644 18 male
18.5204303 73.8567437 38 female
18.5944704 73.9275889 29 female
18.5529226 73.879711 69 male
18.5309059 73.849306 28 female
18.5204303 73.8567437 35 male
18.5342985 73.9368173 45 male
18.5415099 73.7924769 86 female
18.4726725 73.9784573 40 female
18.510845 73.8167528 35 male
18.5518288 73.7943248 32 male
18.2769367 73.6219158 19 female
18.5204303 73.8567437 24 female
18.5058469 73.8705748 20 female
18.5625986 73.8523582 40 female
18.4654546 73.85468209999999 44 female
18.4553953 73.8662748 39 male
35.7079052 140.5643284 24 male
18.5018322 73.8635912 58 female
18.5204303 73.8567437 55 female
18.5083204 73.8567002 27 female
18.4654546 73.85468209999999 22 male
18.5073514 73.8076543 20 male
18.5679146 73.91434319999999 32 female
18.5018322 73.8635912 20 female
18.5144313 73.86538329999999 25 male
18.5466777 73.8022046 55 female
18.5304688 73.8299146 52 male
18.5625986 73.8523582 20 female
18.5625986 73.8523582 62 female
18.5214325 73.86763470000001 64 male
18.454439 73.853174 49 female
18.5204303 73.8567437 55 male
18.4676399 73.859032 65 male
18.5051349 73.8665321 32 female
18.5204303 73.8567437 50 female
18.5072112 73.9587203 21 male
18.5018322 73.8635912 28 male
18.5204303 73.8567437 31 female
18.5204303 73.8567437 31 female
18.4464732 73.826375 19 female
18.4471444 73.8101999 36 female
18.4471444 73.8101999 52 female
18.7372002 73.6389598 48 female
18.7372002 73.6389598 25 female
18.4471444 73.8101999 69 female
18.5214325 73.86763470000001 45 female
18.5165436 73.8366021 72 male
18.5323976 73.94406459999999 28 male
18.1467496 73.97691999999999 19 female
18.5402171 73.8875797 33 female
18.5529226 73.879711 34 female
24.5775148 77.7318495 19 male
18.5330323 73.933003 23 male
19.0719691 73.5356936 20 female
18.5136095 73.8456078 23 female
18.508934 73.92591019999999 19 male
18.5371425 73.7889198 25 female
28.5572098 77.2127891 45 male
18.4690213 73.8640944 18 female
18.5679146 73.91434319999999 48 female
18.4654546 73.85468209999999 21 male
18.5204303 73.8567437 28 female
18.5402171 73.8875797 25 male
18.5512771 73.92098940000001 20 male
18.5572414 73.9252534 47 female
18.5402171 73.8875797 20 female
18.5529226 73.879711 24 male
18.4658999 73.9340859 35 male
19.1132337 73.7326775 28 female
18.6822022 73.9001184 22 female
19.2403305 73.1305395 25 female
18.4914531 73.8367889 26 female
18.5529226 73.879711 27 female
18.5529226 73.879711 19 female
18.5097432 73.8338532 19 female
18.5018322 73.8635912 24 female
18.5538241 73.9476689 24 female
18.4557382 73.8567119 39 female
18.4654546 73.85468209999999 44 female
18.466969 73.857603 21 female
18.4824019 73.9323081 25 female
18.4695088 73.8889779 19 male
18.5323976 73.94406459999999 18 male
18.4971535 73.8580894 46 female
18.5330323 73.933003 21 female
18.4571903 73.8037286 30 female
18.5207496 73.89790529999999 27 male
18.5512771 73.92098940000001 52 male
18.5590032 73.7867629 18 female
18.5040461 73.9161418 45 female
18.5639463 73.81029269999999 50 male
18.4726725 73.9784573 33 female
19.1132337 73.7326775 36 male
18.5204303 73.8567437 40 female
18.5159308 73.86606379999999 22 female
18.5597556 73.93590259999999 23 male
19.1132337 73.7326775 33 female
18.5839816 73.6050502 24 male
18.5204303 73.8567437 26 male
18.5375574 73.7957946 25 female
18.5098369 73.8326915 70 female
18.5286513 73.8775108 21 male
18.4423155 73.8148068 54 female
18.561307 73.78655200000001 19 male
18.4471444 73.8101999 58 male
18.434268 73.80948479999999 75 female
18.5083204 73.8567002 22 female
18.4951041 73.8343021 21 female
18.5204303 73.8567437 27 male
18.5349529 73.87618909999999 31 male
18.500375 73.9424123 19 female
18.4867649 73.9425145 31 female
18.502703 73.926296 23 male
18.5286513 73.8775108 18 female
18.5199723 73.86697649999999 21 male
18.5204303 73.8567437 20 female
19.5014423 73.0132236 20 female
18.4695088 73.8889779 21 male
18.5471748 73.8202184 25 female
18.4606924 73.8404482 19 male
18.5009832 73.9512384 27 male
18.5013711 73.9312908 19 female
18.5204303 73.8567437 25 female
18.5118048 73.8431451 23 male
18.4654546 73.85468209999999 19 male
18.4730151 73.8193703 19 female
18.4462462 73.82572119999999 22 female
18.4468545 73.82586189999999 50 female
18.4471444 73.8101999 34 female
18.4497032 73.8741773 18 female
19.1132337 73.7326775 34 female
18.5292326 73.82499729999999 81 female
18.5116565 73.8699182 40 female
18.5204303 73.8567437 25 female
18.5672281 73.916753 44 female
18.5626966 73.9372298 23 female
18.448698 73.8650268 19 female
18.4763714 73.8132337 30 female
18.5204303 73.8567437 27 male
19.1132337 73.7326775 19 male
18.5204303 73.8567437 60 female
18.4607365 73.9716382 40 female
18.1047247 74.45647129999999 39 female
18.469888 73.85036029999999 41 male
18.5204303 73.8567437 22 male
18.4471444 73.8101999 61 female
18.4877372 73.8704877 63 female
19.1132337 73.7326775 75 male
18.502384 73.843954 35 female
18.564084 73.802703 23 male
18.5680543 73.8508694 24 female
18.5051349 73.8665321 55 female
18.4220534 73.85954269999999 21 male
18.5591057 73.88674499999999 23 female
18.5204303 73.8567437 35 male
18.5709235 73.83508309999999 21 male
18.5051349 73.8665321 31 female
18.5204303 73.8567437 50 female
18.5204303 73.8567437 22 male
19.0025142 72.8420769 24 male
18.5463286 73.9033139 28 female
18.5330323 73.933003 40 female
18.5529226 73.879711 32 female
18.5204303 73.8567437 52 female
18.5591057 73.88674499999999 20 female
18.5626966 73.9372298 26 female
29.9093759 73.87998050000002 35 female
18.5204303 73.8567437 23 female
18.5572414 73.9252534 38 female
18.5009698 73.9429625 30 male
18.44788 73.857126 40 male
18.5626966 73.9372298 28 female
18.5323976 73.94406459999999 19 female
18.5000482 73.85901319999999 20 female
18.5839816 73.6050502 25 male
18.508934 73.92591019999999 26 male
18.54558 73.7789037 26 female
18.4847666 73.9022123 39 female
18.4922285 73.9000204 23 male
18.5419934 73.78161539999999 36 female
18.4587777 73.8426415 18 male
18.4726725 73.9784573 34 female
18.5204303 73.8567437 23 female
18.597398 73.91547849999999 50 male
18.5314419 73.8445617 28 female
18.5944704 73.9275889 18 male
18.5932724 73.9275318 44 male
18.5323976 73.94406459999999 50 female
18.5204303 73.8567437 26 female
18.5204303 73.8567437 40 male
18.5217498 73.9043836 42 male
18.4941368 73.94890199999999 20 female
18.4609588 73.8222308 22 female
18.5204303 73.8567437 23 female
18.5292326 73.82499729999999 19 female
18.5204303 73.8567437 27 female
18.5204303 73.8567437 50 female
18.5639463 73.81029269999999 37 male
18.5518288 73.7943248 19 male
18.5419934 73.78161539999999 23 female
18.5323976 73.94406459999999 48 female
18.5529226 73.879711 19 female
18.4690213 73.8640944 37 male
18.4877372 73.8704877 22 male
18.4443556 74.72639079999999 59 female
18.5243431 73.851463 32 male
18.5314419 73.8445617 18 male
18.4922285 73.9000204 41 female
18.5040461 73.9161418 28 female
18.4646316 73.8602841 47 female
18.5040461 73.9161418 31 male
18.5204303 73.8567437 31 male
18.5036227 73.8698398 65 female
18.5679146 73.91434319999999 39 female
18.508934 73.92591019999999 46 male
18.4654546 73.85468209999999 23 female
18.4587777 73.8426415 18 male
18.5204303 73.8567437 50 female
18.508934 73.92591019999999 30 female
18.5221459 73.9587593 28 male
19.0948287 74.74797889999999 19 female
18.5309059 73.849306 18 male
18.4738871 73.8893532 42 male
18.5512771 73.92098940000001 21 female
35.7079052 140.5643284 67 male
18.553295 73.9109977 28 male
18.5099615 73.91173169999999 19 female
18.5330323 73.933003 18 female
18.5441098 73.8796914 24 female
18.5330323 73.933003 21 male
18.4690213 73.8640944 20 male
18.5323976 73.94406459999999 50 female
18.5524665 73.9326763 26 female
18.4529322 73.86523799999999 21 male
18.448235 73.867646 21 female
18.5073514 73.8076543 25 male
18.528435 73.8323492 21 female
18.508934 73.92591019999999 65 female
18.4695088 73.8889779 40 male
18.5214325 73.86763470000001 22 female
18.5204303 73.8567437 24 male
18.508934 73.92591019999999 23 male
18.4726725 73.9784573 24 female
18.5042247 73.81715810000001 28 female
18.4587777 73.8426415 20 male
18.516882 73.914672 18 male
18.508934 73.92591019999999 25 female
18.5788913 73.7706807 28 female
18.5114181 73.8778263 19 female
18.5330323 73.933003 31 female
18.5204303 73.8567437 25 female
18.517454 73.8612411 18 female
18.5204303 73.8567437 19 fem
18.5204303 73.8567437 21 fem
18.5204303 73.8567437 46 fem
18.517454 73.8612411 24 fem
18.5204303 73.8567437 30 fem
18.5204303 73.8567437 33 fem
18.526739 73.862039 30 fem
18.5225265 73.8638663 35 fem
18.5158792 73.85803969999999 20 fem
18.5621075 73.8975577 20 fem
18.4961383 73.8384476 28 fem
18.5204303 73.8567437 25 fem
18.4726725 73.9784573 49 fem
18.5018322 73.8635912 31 fem
18.5944704 73.9275889 19 fem
18.448235 73.867646 27 fem
18.508934 73.92591019999999 19 fem
18.5051349 73.8665321 26 fem
18.4825399 73.8256755 20 fem
18.5332778 73.937156 82 fem
18.5204303 73.8567437 22 fem
18.5492228 73.9390018 30 fem
30.6615432 81.47183869999999 28 fem
18.5292326 73.82499729999999 68 fem
18.5284417 73.8283057 29 fem
18.4695088 73.8889779 19 fem
18.4654546 73.85468209999999 24 fem
18.5051349 73.8665321 20 fem
18.5204303 73.8567437 28 fem
18.5035827 73.957088 23 fem
18.460691 73.869147 21 fem
18.4901977 73.8397009 18 fem
18.4644859 73.8048496 21 fem
18.5549734 73.7972362 35 fem
18.5091517 73.87103859999999 20 fem
18.5009698 73.9429625 27 fem
18.5082486 73.8440548 21 fem
18.5083204 73.8567002 24 fem
18.5292326 73.82499729999999 25 fem
18.5512771 73.92098940000001 21 fem
18.4726725 73.9784573 25 fem
18.485861 73.84963599999999 70 female
18.564084 73.802703 50 male
30.2422894 79.612309 21 male
18.5096028 73.9470036 36 female
18.4661512 73.7821719 30 female
18.6297811 73.7997094 45 female
18.5086429 73.8314091 30 male
18.528435 73.8323492 25 male
18.5482896 73.7696473 25 female
18.5204303 73.8567437 43 female
18.4869571 73.9433299 41 male
18.5204303 73.8567437 34 female
18.2825268 73.973492 30 male
18.508934 73.92591019999999 40 female
18.508934 73.92591019999999 18 female
18.466969 73.857603 20 male
18.5144313 73.86538329999999 25 female
18.5421757 73.88925170000002 72 male
18.5788913 73.7706807 19 male
18.5446581 73.8029182 23 female
18.5204303 73.8567437 22 female
18.5204303 73.8567437 42 male
18.5445099 73.9384419 19 male
18.4452577 73.8610191 36 female
18.5419934 73.78161539999999 31 female
18.5062414 73.9129742 65 female
18.5529226 73.879711 19 female
18.5144313 73.86538329999999 22 female
18.5009698 73.9429625 42 female
18.5788913 73.7706807 30 female
18.5512771 73.92098940000001 21 female
18.5158057 73.9271644 36 male
18.5019469 73.86629169999999 37 male
35.7079052 140.5643284 67 female
18.528435 73.8323492 25 female
18.5204303 73.8567437 55 female
18.4726725 73.9784573 42 male
18.4726725 73.9784573 74 male
18.5204303 73.8567437 35 female
18.553295 73.9109977 25 female
18.5709235 73.83508309999999 27 male
18.482132 73.86756299999999 20 female
18.5099615 73.91173169999999 26 male
18.0126398 76.0657459 28 female
18.5330323 73.933003 50 female
18.5330323 73.933003 19 male
18.471515 73.821073 30 female
19.0948287 74.74797889999999 19 male
18.4413839 73.8010085 18 male
18.4471444 73.8101999 35 female
18.7372002 73.6389598 24 female
18.5441098 73.8796914 32 male
18.5529226 73.879711 25 male
18.5330323 73.933003 23 female
18.4690213 73.8640944 62 female
18.5204303 73.8567437 32 female
18.5080933 73.8721276 23 female
18.5323976 73.94406459999999 36 female
18.5524665 73.9326763 21 female
18.4529322 73.86523799999999 21 female
18.5204303 73.8567437 20 female
18.448235 73.867646 24 female
18.5625986 73.8523582 50 female
18.5073514 73.8076543 26 female
18.528435 73.8323492 33 female
18.508934 73.92591019999999 22 female
18.4869571 73.9433299 25 male
18.4695088 73.8889779 24 male
18.5322732 73.9171984 23 female
18.5529226 73.879711 24 female
18.4690213 73.8640944 28 female
18.5601649 73.8031335 55 male
18.5214325 73.86763470000001 20 male
18.4891497 73.9561066 18 female
18.5204303 73.8567437 25 female
18.438357 73.860545 54 male
18.5204303 73.8567437 28 female
18.508934 73.92591019999999 30 male
18.5204303 73.8567437 19 female
18.4726725 73.9784573 31 female
18.4726725 73.9784573 20 male
18.5042247 73.81715810000001 25 female
18.4587777 73.8426415 60 male
18.516882 73.914672 80 male
18.508934 73.92591019999999 30 female
18.5788913 73.7706807 18 female
18.5114181 73.8778263 21 male
18.5204303 73.8567437 36 male
18.4452577 73.8610191 19 female
18.5330323 73.933003 36 male
18.5204303 73.8567437 22 male
18.5204303 73.8567437 18 female
18.517454 73.8612411 29 female
18.5154523 73.861881 23 female
18.5204303 73.8567437 19 male
18.5204303 73.8567437 42 male
18.5158792 73.85803969999999 19 female
18.5204303 73.8567437 47 female
18.517454 73.8612411 19 male
18.5204303 73.8567437 21 female
18.5204303 73.8567437 22 male
18.5204303 73.8567437 46 female
18.5204303 73.8567437 24 female
18.526739 73.862039 25 male
15.8937658 74.11628809999999 70 female
18.5204303 73.8567437 30 male
18.5204303 73.8567437 33 male
18.5204303 73.8567437 30 female
18.5225265 73.8638663 35 female
18.5158792 73.85803969999999 53 male
18.5621075 73.8975577 20 male
18.4961383 73.8384476 19 female
18.5204303 73.8567437 75 female
18.5204303 73.8567437 27 female
18.5151826 73.8573084 20 female
18.527059 73.862528 28 female
18.5204303 73.8567437 25 female
18.5204303 73.8567437 49 female
18.5180352 73.8560632 31 female
18.4726725 73.9784573 24 female
18.5029883 73.9205509 23 female
18.5051349 73.8665321 36 female
18.5240566 73.8646945 18 female
19.1132337 73.7326775 21 female
18.508934 73.92591019999999 55 male
18.5018322 73.8635912 37 male
18.5944704 73.9275889 41 male
18.448235 73.867646 20 female
35.7079052 140.5643284 26 male
18.5292326 73.82499729999999 82 male
18.507738 73.85918 19 female
18.4817777 73.89093729999999 22 female
18.5279221 73.9481639 23 female
18.508934 73.92591019999999 33 male
18.5051349 73.8665321 33 male
18.567751 73.8757204 23 female
18.5415099 73.7924769 85 female
18.4825399 73.8256755 28 male
18.545163 73.9168766 45 female
18.5332778 73.937156 30 male
18.5402171 73.8875797 28 female
18.5092134 73.82356419999999 23 female
18.5204303 73.8567437 45 male
18.5415099 73.7924769 23 female
18.5492228 73.9390018 39 male
18.5204303 73.8567437 68 male
30.6615432 81.47183869999999 48 female
18.452702 73.851276 29 female
18.5292326 73.82499729999999 48 male
18.5284417 73.8283057 20 male
18.4587777 73.8426415 19 female
18.5709235 73.83508309999999 35 female
18.5625986 73.8523582 24 female
18.501063 73.9337735 43 female
18.4695088 73.8889779 20 female
18.4654546 73.85468209999999 62 female
18.5051349 73.8665321 28 female
18.5204303 73.8567437 23 female
18.5699361 73.8506427 32 female
18.5057399 73.87089639999999 22 female
18.5035827 73.957088 21 female
18.5204303 73.8567437 46 female
18.5415099 73.7924769 18 female
18.460691 73.869147 30 female
18.4901977 73.8397009 21 male
18.4644859 73.8048496 27 male
18.5549734 73.7972362 21 female
18.5620882 73.9339382 41 female
18.5063909 73.8602841 26 female
18.366277 73.7558777 43 male
18.5529226 73.879711 63 male
18.5091517 73.87103859999999 32 female
18.5404223 73.9286341 42 female
18.5204303 73.8567437 19 male
18.5009698 73.9429625 20 female
18.5082486 73.8440548 72 male
18.5083204 73.8567002 19 female
18.5292326 73.82499729999999 22 female
18.5297217 73.93811970000002 80 male
18.5550337 73.81746129999999 38 female
18.5512771 73.92098940000001 27 male
18.5592798 73.8768685 60 male
35.7079052 140.5643284 22 female
29.9093759 73.87998050000002 21 female
18.4941368 73.94890199999999 32 male
18.4726725 73.9784573 24 male
18.485861 73.84963599999999 70 female
18.564084 73.802703 50 male
30.2422894 79.612309 21 male
18.5096028 73.9470036 36 female
18.4661512 73.7821719 30 female
18.6297811 73.7997094 45 female
18.5086429 73.8314091 30 male
18.528435 73.8323492 25 male
18.5482896 73.7696473 25 female
18.5204303 73.8567437 43 female
18.4869571 73.9433299 41 male
18.5204303 73.8567437 34 female
18.2825268 73.973492 30 male
18.508934 73.92591019999999 40 female
18.508934 73.92591019999999 18 female
18.466969 73.857603 20 male
18.5144313 73.86538329999999 25 female
18.5421757 73.88925170000002 72 male
18.5788913 73.7706807 19 male
18.5446581 73.8029182 23 female
18.5204303 73.8567437 22 female
18.5204303 73.8567437 42 male
18.5445099 73.9384419 19 male
18.4452577 73.8610191 36 female
18.5419934 73.78161539999999 31 female
18.5062414 73.9129742 65 female
18.5529226 73.879711 19 female
18.5144313 73.86538329999999 22 female
18.5009698 73.9429625 42 female
18.5788913 73.7706807 30 female
18.4654546 73.85468209999999 28 female
18.5033258 73.8669456 32 male
18.519901 73.864926 19 male
18.5204303 73.8567437 52 female
18.4877372 73.8704877 45 female
18.5330323 73.933003 19 female
30.4750254 77.7652346 18 male
18.5009698 73.9429625 27 male
19.0948287 74.74797889999999 28 female
18.5042097 73.8590865 55 female
18.5204303 73.8567437 70 male
18.5204303 73.8567437 35 female
18.5648185 73.81250159999999 24 male
18.4603452 73.8692574 41 female
18.5204303 73.8567437 43 female
18.5096028 73.9470036 20 male
18.523632 73.862082 18 female
18.5019469 73.86629169999999 23 male
18.5204303 73.8567437 19 male
18.5018322 73.8635912 67 female
18.573509 73.884586 27 female
18.4869571 73.9433299 75 male
18.5382996 73.8642527 23 male
18.4726725 73.9784573 18 female
18.5529226 73.879711 21 female
18.5204303 73.8567437 52 female
29.9093759 73.87998050000002 22 male
18.5662076 73.8113004 61 male
18.5601649 73.8031335 42 female
18.4962306 73.95269789999999 33 female
18.5204303 73.8567437 38 female
19.0948287 74.74797889999999 32 male
18.5053012 73.93892129999999 18 male
18.5204303 73.8567437 32 female
18.5158792 73.85803969999999 22 female
18.5529226 73.879711 25 male
18.5051349 73.8665321 19 female
18.5944704 73.9275889 19 male
18.5492228 73.9390018 25 female
18.4877372 73.8704877 19 female
18.5053012 73.93892129999999 25 male
18.5187779 73.8427933 37 female
18.5419934 73.78161539999999 45 male
18.5625986 73.8523582 19 male
18.508934 73.92591019999999 35 female
18.4483159 73.86671799999999 19 female
18.5323976 73.94406459999999 75 male
18.4644859 73.8048496 21 male
18.4749851 73.80245740000001 22 female
18.4914883 73.82172899999999 29 female
18.4914883 73.82172899999999 46 female
18.5323976 73.94406459999999 60 female
18.5204303 73.8567437 19 female
18.5538241 73.9476689 42 female
18.5206329 73.83372039999999 23 female
18.5788913 73.7706807 42 female
18.366277 73.7558777 43 female
18.4864727 73.79683399999999 46 male
18.5633438 73.91374379999999 34 male
18.4864727 73.79683399999999 44 female
18.4840972 73.8110279 19 female
18.4864727 73.79683399999999 21 female
18.4864727 73.79683399999999 19 male
18.4805957 73.8012842 18 male
18.4864727 73.79683399999999 19 female
18.4749851 73.80245740000001 38 female
18.4661512 73.7821719 80 male
18.4860952 73.81950669999999 63 female
18.4890618 73.7924094 22 male
18.5788913 73.7706807 68 female
18.5709235 73.83508309999999 41 female
18.5204303 73.8567437 19 male
18.512471 73.866644 25 female
18.508934 73.92591019999999 24 male
18.5066598 73.8638591 42 male
18.5235518 73.906346 60 female
18.4452577 73.8610191 18 female
18.53835 73.86471829999999 28 male
18.4452577 73.8610191 21 male
18.5524294 73.8974849 35 female
18.4966066 73.94429420000002 36 female
18.4835253 73.9527066 32 female
18.5234503 73.9853801 32 female
18.528435 73.8323492 32 female
18.5106996 73.8492423 26 female
18.5204303 73.8567437 53 female
18.508934 73.92591019999999 23 female
18.1529373 74.087339 24 female
18.5231959 73.85383639999999 24 female
18.4616438 73.8725043 24 female
18.4595714 73.8118305 18 female
18.5204303 73.8567437 30 female
18.4692184 73.8696023 45 female
18.5082486 73.8440548 27 male
18.4961383 73.8384476 24 male
18.5679146 73.91434319999999 19 female
18.4877372 73.8704877 18 female
18.4574675 73.7698492 41 female
18.512164 73.869751 23 male
18.4452577 73.8610191 19 male
18.2825268 73.973492 27 female
22.3359636 69.08700879999999 37 female
18.4529322 73.86523799999999 36 male
18.5204303 73.8567437 22 male
18.4454128 73.7801446 31 female
18.5709235 73.83508309999999 42 female
18.555655 73.953631 43 female
18.5158792 73.85803969999999 49 female
18.5234503 73.9853801 31 male
18.5158792 73.85803969999999 19 male
18.5155706 73.8628274 19 female
18.4455227 73.8305055 22 female
18.5261048 73.9548365 25 female
18.5529226 73.879711 32 male
18.9698331 72.8168383 20 male
18.5436567 73.78507429999999 19 female
18.5788913 73.7706807 46 female
18.5204303 73.8567437 29 male
18.5204303 73.8567437 34 female
19.0948287 74.74797889999999 27 male
19.1132337 73.7326775 28 female
18.4529322 73.86523799999999 19 female
19.8886293 76.04499299999999 19 male
18.546553 73.890142 55 female
18.5442047 73.8356575 80 male
18.5512771 73.92098940000001 23 male
18.4917176 73.8240616 19 female
18.5012159 73.8321544 26 female
35.7079052 140.5643284 37 male
18.5529226 73.879711 80 male
18.5966513 73.9265252 42 female
18.5321814 73.9331528 65 female
18.5073514 73.8076543 18 female
18.5021281 73.83211039999999 35 female
18.5096085 73.7971651 65 female
18.5204303 73.8567437 65 female
18.4930461 73.8207698 38 female
18.5096028 73.9470036 20 female
18.5096028 73.9470036 28 female
18.4726725 73.9784573 18 female
18.5204303 73.8567437 20 male
18.4997709 73.9457472 38 male
18.5529226 73.879711 24 female
18.5529226 73.879711 27 female
18.5204303 73.8567437 23 female
18.4636826 73.877567 32 male
18.5053012 73.93892129999999 40 male
18.5529226 73.879711 31 female
18.5652404 73.9140352 70 female
18.485861 73.84963599999999 22 male
18.509085 73.8552629 60 female
18.5116076 73.8705626 24 male
30.4750254 77.7652346 25 female
18.5770411 73.7779125 19 female
19.0948287 74.74797889999999 72 male
13.6287557 79.4191795 40 female
18.4637401 73.8508098 18 male
18.5128092 73.8437764 66 male
18.5788913 73.7706807 21 female
18.5144313 73.86538329999999 21 female
18.5590032 73.7867629 28 male
18.5063909 73.8602841 22 male
18.5529226 73.879711 42 female
18.5204303 73.8567437 39 female
18.4527707 73.8669677 25 female
18.5083204 73.8567002 21 female
18.5292326 73.82499729999999 73 female
18.5051349 73.8665321 69 female
18.5204303 73.8567437 21 female
18.5332778 73.937156 23 female
18.5235518 73.906346 23 female
18.4877372 73.8704877 22 female
18.5204303 73.8567437 21 female
18.5204303 73.8567437 28 female
18.527059 73.862528 32 female
18.517454 73.8612411 85 male
18.5204303 73.8567437 47 male
18.5204303 73.8567437 22 male
18.4914883 73.82172899999999 19 female
18.506479 73.87505 18 male
18.4574675 73.7698492 30 male
18.5329125 73.8547709 21 female
18.4452577 73.8610191 19 female
18.5144313 73.86538329999999 51 female
18.5274647 73.8253649 21 male
18.4452577 73.8610191 20 male
18.553295 73.9109977 22 female
18.5529226 73.879711 45 female
18.5466777 73.8022046 19 male
18.5019469 73.86629169999999 29 female
20.8880469 70.4011569 20 male
18.526739 73.862039 35 female
18.5204303 73.8567437 19 female
18.5162039 73.857534 27 male
18.5069039 73.85721699999999 37 female
18.5204303 73.8567437 19 male
18.6498326 74.1935341 19 male
18.5308164 73.84794269999999 19 female
18.5204303 73.8567437 18 female
18.508934 73.92591019999999 20 male
18.527059 73.862528 31 male
18.5538241 73.9476689 24 female
18.5512771 73.92098940000001 32 female
18.5051743 73.8793951 53 female
18.5944704 73.9275889 25 female
18.5000482 73.85901319999999 22 male
18.51576 73.85688979999999 19 male
18.5133628 73.85383949999999 19 female
17.6599188 75.9063906 23 female
18.564084 73.802703 42 female
18.5009698 73.9429625 67 male
18.554556 73.937714 19 male
18.6281073 73.8241228 28 female
18.5591057 73.88674499999999 20 female
18.4726725 73.9784573 29 male
18.4726725 73.9784573 67 female
18.5756298 73.76432059999999 55 male
18.5083204 73.8567002 27 female
18.5143336 73.8649302 19 female
18.4901977 73.8397009 62 male
18.5362084 73.8939748 29 female
18.5333826 73.87701729999999 27 male
18.526664 73.82532900000001 32 male
18.5051349 73.8665321 21 female
18.5023823 73.81534570000001 47 female
18.5243308 73.6138821 43 male
18.4840972 73.8110279 28 male
18.5944704 73.9275889 25 female
18.5000482 73.85901319999999 22 male
18.51576 73.85688979999999 19 male
18.5009698 73.9429625 19 female
18.4726725 73.9784573 23 female
18.4726725 73.9784573 67 female
18.5756298 73.76432059999999 29 male
18.5143336 73.8649302 29 male
18.4901977 73.8397009 27 female
18.5362084 73.8939748 32 female
18.5333826 73.87701729999999 21 male
18.526664 73.82532900000001 47 female
18.5023823 73.81534570000001 23 male
18.5243308 73.6138821 19 female
18.4840972 73.8110279 18 female
18.4914883 73.82172899999999 34 male
18.506479 73.87505 25 female
18.4452577 73.8610191 34 male
18.5144313 73.86538329999999 36 male
18.5274647 73.8253649 22 female
18.4452577 73.8610191 51 female
18.5019469 73.86629169999999 32 female
18.5308164 73.84794269999999 21 male
18.508934 73.92591019999999 25 male
18.527059 73.862528 21 female
18.5538241 73.9476689 60 female
18.5512771 73.92098940000001 19 female
18.5051743 73.8793951 30 male
18.4726725 73.9784573 33 male
18.5529226 73.879711 22 female
18.5529226 73.879711 18 female
18.509085 73.8552629 24 male
30.4750254 77.7652346 23 female
18.5770411 73.7779125 22 male
19.0948287 74.74797889999999 19 female
18.4637401 73.8508098 18 female
18.5590032 73.7867629 21 male
18.5063909 73.8602841 21 female
18.5204303 73.8567437 28 male
18.4527707 73.8669677 22 male
18.5051349 73.8665321 39 female
18.5204303 73.8567437 21 female
18.5332778 73.937156 23 male
18.4877372 73.8704877 23 male
18.517454 73.8612411 21 female
18.5204303 73.8567437 28 female
18.5204303 73.8567437 22 female
18.5155706 73.8628274 35 female
18.4455227 73.8305055 31 female
18.5261048 73.9548365 62 female
18.9698331 72.8168383 18 female
18.5788913 73.7706807 29 female
18.5204303 73.8567437 26 female
19.0948287 74.74797889999999 20 female
18.4917176 73.8240616 22 female
18.5529226 73.879711 25 female
18.5966513 73.9265252 32 female
18.5073514 73.8076543 19 male
18.5021281 73.83211039999999 21 female
18.4930461 73.8207698 68 male
18.5096028 73.9470036 18 male
18.4529322 73.86523799999999 22 female
18.5204303 73.8567437 31 female
18.4454128 73.7801446 42 female
18.555655 73.953631 20 male
